10 0.9879807692307693 0.4170673076923077 0.02403846153846154 0.19951923076923078
9 0.4495192307692308 0.49158653846153844 0.10817307692307693 0.17548076923076922
9 0.6153846153846154 0.5240384615384616 0.10096153846153846 0.17548076923076922
9 0.2800480769230769 0.5228365384615384 0.10817307692307693 0.19951923076923078
9 0.21394230769230768 0.546875 0.07692307692307693 0.15144230769230768
9 0.41466346153846156 0.38221153846153844 0.07451923076923077 0.125
9 0.5396634615384616 0.38221153846153844 0.07692307692307693 0.12740384615384615
9 0.10576923076923077 0.37740384615384615 0.0673076923076923 0.125
9 0.12860576923076922 0.3076923076923077 0.06009615384615385 0.10576923076923077
9 0.6310096153846154 0.43028846153846156 0.08653846153846154 0.1201923076923077
9 0.057692307692307696 0.41586538461538464 0.057692307692307696 0.12259615384615384
9 0.055288461538461536 0.32211538461538464 0.06009615384615385 0.09615384615384616
9 0.5 0.45552884615384615 0.06009615384615385 0.1201923076923077