10 0.1814903846153846 0.46033653846153844 0.07451923076923077 0.1310096153846154
10 0.06971153846153846 0.41466346153846156 0.1045673076923077 0.16826923076923078
10 0.4675480769230769 0.47115384615384615 0.057692307692307696 0.1045673076923077
10 0.9158653846153846 0.39783653846153844 0.13581730769230768 0.20793269230769232
10 0.2512019230769231 0.47596153846153844 0.057692307692307696 0.1045673076923077
10 0.33413461538461536 0.46033653846153844 0.06370192307692307 0.09375
10 0.7944711538461539 0.47716346153846156 0.057692307692307696 0.11177884615384616
10 0.6574519230769231 0.4495192307692308 0.057692307692307696 0.09375
10 0.7415865384615384 0.4411057692307692 0.051682692307692304 0.1045673076923077
10 0.5745192307692307 0.45552884615384615 0.04807692307692308 0.09615384615384616
10 0.8545673076923077 0.45552884615384615 0.054086538461538464 0.13822115384615385