10 0.9194711538461539 0.4266826923076923 0.04567307692307692 0.09375
10 0.7644230769230769 0.39903846153846156 0.0985576923076923 0.17548076923076922
10 0.6502403846153846 0.38341346153846156 0.10096153846153846 0.17307692307692307
9 0.5348557692307693 0.3786057692307692 0.07211538461538461 0.13221153846153846
9 0.8545673076923077 0.38822115384615385 0.06490384615384616 0.11538461538461539
9 0.9711538461538461 0.40625 0.057692307692307696 0.12980769230769232
9 0.15144230769230768 0.4230769230769231 0.057692307692307696 0.11298076923076923
9 0.28725961538461536 0.3737980769230769 0.07692307692307693 0.12259615384615384
9 0.34975961538461536 0.41947115384615385 0.05048076923076923 0.10096153846153846
9 0.4026442307692308 0.4182692307692308 0.07932692307692307 0.12740384615384615
9 0.4362980769230769 0.45552884615384615 0.052884615384615384 0.11778846153846154
9 0.4879807692307692 0.453125 0.055288461538461536 0.10576923076923077